158
137
139
151
159
161
149
164
148
141
151
146
139
137
149
153
154
163
139
159
153
158
136
164
145
151
156
144
154
143
141
154
152
160
164
152
140
144
137
139
139
148
161
155
162
151
156
154
147
150
158
159
160
155
144
147
148
149
164
156
138
143
160
162
150
141
149
139
147
158
152
159
136
144
142
135
145
146
145
157
153
136
136
161
139
162
138
146
160
145
153
143
137
138
155
163
163
148
162
162
136
140
141
152
158
141
150
147
150
145
142
142
163
153
156
153
159
156
163
147
162
143
144
148
139
152
140
144
164
144
162
155
135
150
149
135
150
138
156
140
160
141
161
164
159
157
164
160
142
144
149
137
147
148
142
154
160
150
158
160
137
148
147
160
163
161
160
148
146
151
151
160
138
136
164
141
151
152
136
161
158
150
162
155
153
138
148
161
139
155
138
146
142
135
155
149
147
160
157
163
146
144
145
138
153
162
139
138
146
135
155
164
157
158
157
156
158
149
139
152
150
137
146
158
141
152
157
141
159
164
160
156
151
161
145
153
153
155
139
144
163
145
141
135
159
142
150
159
163
145
159
153
160
150
139
137
135
143
162
156
139
153
153
146
137
157
162
143
141
140
137
153
156
162
161
152
146
142
164
163
157
144
164
151
160
141
140
164
153
143
154
143
142
164
162
164
137
139
144
147
141
153
164
141
146
144
141
140
152
164
147
155
155
138
153
141
158
163
158
147
139
144
156
155
142
151
140
160
146
139
154
159
150
137
155
161
142
149
157
152
141
148
149
162
154
137
155
149
141
140
136
155
136
155
147
142
141
147
154
161
151
155
163
143
147
150
157
154
148
145
135
157
164
155
158
155
150
140
161
147
139
152
155
151
152
147
145
142
163
143
156
138
144
139
152
139
148
159
135
153
162
152
159
157
143
136
142
147
140
162
157
147
148
159
163
154
154
152
139
150
149
148
160
148
135
138
135
141
146
140
164
135
156
153
154
161
156
138
146
142
157
160
160
158
144
152
158
145
158
164
151
143
141
140
150
152
154
141
153
137
148
158
154
148
161
161
146
142
147
147
163
153
164
137
145
153
145
156
144
150
147
139
159
143
154
138
149
148
156
147
158
145
159
151
154
153
141
148
145
152
137
157
160
141
136
135
160
159
149
158
150
158
147
145
145
137
147
144
144
153
154
148
151
149
143
146
150
136
145
156
147
135
157
151
140
139
146
154
146
144
148
160
137
139
161
137
149
158
146
135
136
164
151
153
136
151
147
149
142
141
143
147
153
148
150
154
157
142
135
158
155
154
146
147
159
145
139
156
152
156
137
143
144
164
155
152
149
151
154
163
141
159
164
164
159
137
150
136
152
157
161
153
157
160
153
155
160
140
163
144
148
157
146
142
151
155
163
159
144
155
158
157
137
146
140
136
154
162
144
144
159
141
157
153
153
143
162
137
150
147
138
135
160
148
149
140
147
146
160
161
157
140
158
155
141
137
155
139
155
136
149
160
162
153
164
154
148
140
157
164
137
145
142
137
147
160
163
145
157
143
146
139
139
137
159
162
141
159
154
160
138
154
144
156
164
155
158
141
155
135
161
154
142
153
157
161
155
141
144
150
144
154
155
162
141
149
143
150
160
152
142
135
143
151
161
147
146
155
156
137
157
145
145
154
143
162
137
154
152
138
152
142
144
162
139
150
164
164
150
143
161
162
154
141
155
164
147
139
154
140
147
141
155
160
149
140
160
146
144
152
158
162
144
136
155
144
159
156
145
141
149
135
154
161
136
155
143
150
160
145
154
142
147
158
145
156
143
162
135
164
160
145
160
141
155
137
163
151
162
153
153
161
155
157
148
136
138
141
162
144
148
138
161
157
152
148
150
135
136
160
143
141
151
157
137
161
164
157
143
162
153
147
148
163
148
146
147
159
152
150
164
155
139
149
138
139
143
136
152
152
144
159
141
136
161
150
164
135
141
138
152
147
145
159
138
163
147
154
152
136
144
155
150
153
153
142
145
142
147
148
140
138
159
157
163
139
149
150
163
145
139
157
140
149
159
145
157
157
144
139
143
159
142
164
144
164
161
156
161
145
137
152
147
146
163
151
144
144
163
141
159
161
145
156
149
148
161
139
139
148
161
159
152
151
161
162
150
154
142
140
157
157
164
157
164
160
146
163
159
140
161
142
145
156
156
137
164
160
141
160
152
149
140
146
138
144
161
150
141
163
138
163
140
142
158
144
159
144
162
164
144
140
137
146
142
139
138
140
149
151